23 73
7 6 5 2 4 3 4 3 4 3 2 4 4 3 1 2 8 5 3 9 6 8 1
7 7 7 7 7 7 7 7 7 7 4 2 4 4 2 4 4 2 4 4 2 4 5
9 8 4 9 2 5 6 3 3 1 2 8 5 3 9 3 1 2 8 5 3 9 2
7 7 7 7 7 7 7 7 7 7 3 1 2 8 5 3 9 3 1 2 8 5 3
0 0 0 0 0 0 0 0 0 0 0 0 0 0 0 0 0 0 0 0 0 0 0
0 0 0 0 0 0 0 0 0 0 0 0 0 0 0 0 0 0 0 0 0 0 0
7 7 7 7 7 7 7 7 7 7 3 2 6 7 8 9 0 8 9 1 2 3 6
4 4 4 4 4 4 4 4 4 4 3 5 5 6 7 8 9 1 2 8 5 3 9
4 4 4 4 4 4 4 9 4 4 5 3 9 1 2 8 5 3 9 8 9 1 2
7 7 7 7 7 7 7 7 7 7 1 2 8 5 3 9 5 6 7 8 9 1 9
4 4 4 4 4 4 4 5 4 4 1 2 8 5 3 9 5 6 7 8 9 3 8
4 4 4 4 4 4 4 3 4 4 5 6 7 8 9 8 9 1 2 9 8 9 1
7 7 7 7 7 7 7 7 7 7 9 1 2 9 5 6 7 8 9 2 8 5 3
4 4 4 4 4 4 4 9 4 4 9 1 2 9 5 6 7 8 9 9 8 9 1
4 4 4 4 4 4 4 3 4 4 9 1 2 9 5 6 7 8 9 2 8 5 3
7 7 7 7 7 7 7 7 7 7 9 1 2 9 5 6 7 8 9 7 7 9 1
4 4 4 4 4 4 4 8 4 4 9 5 6 7 8 9 7 7 7 7 7 9 1
4 4 4 4 4 4 4 5 4 4 2 8 5 3 9 5 6 7 8 7 7 9 1
7 7 7 7 7 7 7 7 7 7 2 8 5 3 9 5 6 7 8 2 8 5 3
4 4 4 4 4 4 4 3 4 4 9 5 6 7 8 9 7 7 7 4 1 2 8
4 4 4 4 4 4 4 2 4 4 8 4 9 2 5 6 3 3 1 4 1 2 8
7 7 7 7 7 7 7 7 7 7 8 4 9 2 5 6 3 3 1 4 1 2 8
4 4 4 4 4 4 4 1 4 4 8 4 9 2 5 6 3 3 1 2 8 5 3
7 7 7 7 7 7 7 7 7 7 8 4 9 2 5 6 3 3 1 9 5 6 1
4 4 4 4 4 4 4 2 4 4 2 8 5 3 9 5 6 7 8 8 5 3 20
7 7 7 7 7 7 7 7 7 7 4 2 4 4 2 4 4 2 4 4 2 4 5
9 8 4 9 2 5 6 3 3 1 2 8 5 3 9 3 1 2 8 5 3 9 2
7 7 7 7 7 7 7 7 7 7 3 1 2 8 5 3 9 3 1 2 8 5 3
0 0 0 0 0 0 0 0 0 0 0 0 0 0 0 0 0 0 0 0 0 0 0
0 0 0 0 0 0 0 0 0 0 0 0 0 0 0 0 0 0 0 0 0 0 0
7 7 7 7 7 7 7 7 7 7 3 2 6 7 8 9 0 8 9 1 2 3 6
4 4 4 4 4 4 4 4 4 4 3 5 5 6 7 8 9 1 2 8 5 3 9
4 4 4 4 4 4 4 9 4 4 5 3 9 1 2 8 5 3 9 8 9 1 2
7 7 7 7 7 7 7 7 7 7 1 2 8 5 3 9 5 6 7 8 9 1 9
4 4 4 4 4 4 4 5 4 4 1 2 8 5 3 9 5 6 7 8 9 3 8
4 4 4 4 4 4 4 3 4 4 5 6 7 8 9 8 9 1 2 9 8 9 1
7 7 7 7 7 7 7 7 7 7 9 1 2 9 5 6 7 8 9 2 8 5 3
4 4 4 4 4 4 4 9 4 4 9 1 2 9 5 6 7 8 9 9 8 9 1
4 4 4 4 4 4 4 3 4 4 9 1 2 9 5 6 7 8 9 2 8 5 3
7 7 7 7 7 7 7 7 7 7 9 1 2 9 5 6 7 8 9 7 7 9 1
4 4 4 4 4 4 4 8 4 4 9 5 6 7 8 9 7 7 7 7 7 9 1
4 4 4 4 4 4 4 5 4 4 2 8 5 3 9 5 6 7 8 7 7 9 1
7 7 7 7 7 7 7 7 7 7 2 8 5 3 9 5 6 7 8 2 8 5 3
4 4 4 4 4 4 4 3 4 4 9 5 6 7 8 9 7 7 7 4 1 2 8
4 4 4 4 4 4 4 2 4 4 8 4 9 2 5 6 3 3 1 4 1 2 8
7 7 7 7 7 7 7 7 7 7 8 4 9 2 5 6 3 3 1 4 1 2 8
4 4 4 4 4 4 4 1 4 4 8 4 9 2 5 6 3 3 1 2 8 5 3
7 7 7 7 7 7 7 7 7 7 8 4 9 2 5 6 3 3 1 9 5 6 1
4 4 4 4 4 4 4 2 4 4 2 8 5 3 9 5 6 7 8 8 5 3 20
7 7 7 7 7 7 7 7 7 7 4 2 4 4 2 4 4 2 4 4 2 4 5
9 8 4 9 2 5 6 3 3 1 2 8 5 3 9 3 1 2 8 5 3 9 2
7 7 7 7 7 7 7 7 7 7 3 1 2 8 5 3 9 3 1 2 8 5 3
0 0 0 0 0 0 0 0 0 0 0 0 0 0 0 0 0 0 0 0 0 0 0
0 0 0 0 0 0 0 0 0 0 0 0 0 0 0 0 0 0 0 0 0 0 0
7 7 7 7 7 7 7 7 7 7 3 2 6 7 8 9 0 8 9 1 2 3 6
4 4 4 4 4 4 4 4 4 4 3 5 5 6 7 8 9 1 2 8 5 3 9
4 4 4 4 4 4 4 9 4 4 5 3 9 1 2 8 5 3 9 8 9 1 2
7 7 7 7 7 7 7 7 7 7 1 2 8 5 3 9 5 6 7 8 9 1 9
4 4 4 4 4 4 4 5 4 4 1 2 8 5 3 9 5 6 7 8 9 3 8
4 4 4 4 4 4 4 3 4 4 5 6 7 8 9 8 9 1 2 9 8 9 1
7 7 7 7 7 7 7 7 7 7 9 1 2 9 5 6 7 8 9 2 8 5 3
4 4 4 4 4 4 4 9 4 4 9 1 2 9 5 6 7 8 9 9 8 9 1
4 4 4 4 4 4 4 3 4 4 9 1 2 9 5 6 7 8 9 2 8 5 3
7 7 7 7 7 7 7 7 7 7 9 1 2 9 5 6 7 8 9 7 7 9 1
4 4 4 4 4 4 4 8 4 4 9 5 6 7 8 9 7 7 7 7 7 9 1
4 4 4 4 4 4 4 5 4 4 2 8 5 3 9 5 6 7 8 7 7 9 1
7 7 7 7 7 7 7 7 7 7 2 8 5 3 9 5 6 7 8 2 8 5 3
4 4 4 4 4 4 4 3 4 4 9 5 6 7 8 9 7 7 7 4 1 2 8
4 4 4 4 4 4 4 2 4 4 8 4 9 2 5 6 3 3 1 4 1 2 8
7 7 7 7 7 7 7 7 7 7 8 4 9 2 5 6 3 3 1 4 1 2 8
4 4 4 4 4 4 4 1 4 4 8 4 9 2 5 6 3 3 1 2 8 5 3
7 7 7 7 7 7 7 7 7 7 8 4 9 2 5 6 3 3 1 9 5 6 1
4 4 4 4 4 4 4 2 4 4 2 8 5 3 9 5 6 7 8 8 5 3 20
